0.25	2.9512092266663418e-6
0.3	2.187761623949534e-6
0.35	1.905460717963221e-6
0.4	1.6595869074375052e-6
0.45	1.4962356560944513e-6
0.5	1.3335214321633213e-6
0.55	1.2302687708123661e-6
0.6000000000000001	1.0964781961431828e-6
0.65	1.0592537251773006e-6
0.7	9.999999999999836e-7
0.7	9.999999999999836e-7
0.71	9.999999999999836e-7
0.72	9.88553094656927e-7
0.73	9.54992586021429e-7
0.74	9.54992586021429e-7
0.75	9.54992586021429e-7
0.76	9.54992586021429e-7
0.77	9.015711376059552e-7
0.7799999999999999	9.54992586021429e-7
0.7899999999999999	9.015711376059552e-7
0.7999999999999999	8.91250938133755e-7
0.8099999999999999	8.413951416451758e-7
0.82	8.317637711026743e-7
0.83	8.317637711026743e-7
0.84	8.317637711026743e-7
0.85	7.943282347242692e-7
0.85	7.943282347242692e-7
0.86	7.943282347242692e-7
0.87	7.943282347242692e-7
0.88	7.943282347242692e-7
0.89	7.762471166286864e-7
0.9	7.413102413009162e-7
0.9099999999999999	7.413102413009162e-7
0.9199999999999999	7.413102413009162e-7
0.9299999999999999	7.413102413009162e-7
0.94	7.244359600749698e-7
0.95	7.244359600749698e-7
0.96	6.91830970918939e-7
0.97	6.91830970918939e-7
0.98	6.91830970918939e-7
0.99	6.91830970918939e-7
1.	6.91830970918939e-7
1.1	6.30957344480184e-7
1.11	6.095368972401681e-7
1.12	6.095368972401681e-7
1.1300000000000001	6.095368972401681e-7
1.1400000000000001	6.095368972401681e-7
1.1500000000000001	6.095368972401681e-7
1.1600000000000001	5.888436553556088e-7
1.1700000000000002	5.888436553556088e-7
1.1800000000000002	5.888436553556088e-7
1.1900000000000002	5.888436553556088e-7
1.2000000000000002	5.888436553556088e-7
1.2100000000000002	5.75439937337159e-7
1.2200000000000002	5.75439937337159e-7
1.23	5.75439937337159e-7
1.2400000000000002	5.623413251903582e-7
1.25	5.495408738576102e-7
1.25	5.495408738576102e-7
1.26	5.308844442309934e-7
1.27	5.308844442309934e-7
1.28	5.308844442309934e-7
1.29	5.308844442309934e-7
1.3	5.308844442309934e-7
1.31	5.308844442309934e-7
1.32	5.308844442309934e-7
1.33	5.495408738576102e-7
1.34	5.495408738576102e-7
1.35	5.623413251903582e-7
1.36	5.623413251903582e-7
1.37	5.623413251903582e-7
1.38	5.623413251903582e-7
1.3900000000000001	5.623413251903582e-7
1.4	5.495408738576102e-7
1.41	5.308844442309934e-7
1.42	5.128613839913595e-7
1.43	5.011872336272653e-7
1.44	5.011872336272653e-7
1.45	4.7863009232264e-7
1.46	4.7863009232264e-7
1.47	4.623810213992575e-7
1.48	4.623810213992575e-7
1.49	4.4668359215096714e-7
1.5	4.4668359215096714e-7
1.5	4.4668359215096714e-7
1.55	4.4668359215096714e-7
1.6	4.168693834703329e-7
1.65	4.120975190973262e-7
1.7	3.9810717055349205e-7
1.75	3.9810717055349205e-7
1.8	3.758374042884474e-7
1.8	3.758374042884474e-7
1.81	3.758374042884474e-7
1.82	3.758374042884474e-7
1.83	3.758374042884474e-7
1.84	3.758374042884474e-7
1.85	3.758374042884474e-7
1.86	3.758374042884474e-7
1.87	3.758374042884474e-7
1.8800000000000001	3.758374042884474e-7
1.8900000000000001	3.758374042884474e-7
1.9000000000000001	3.758374042884474e-7
1.9100000000000001	3.758374042884474e-7
1.92	3.6307805477010915e-7
1.9300000000000002	3.6307805477010915e-7
1.94	3.6307805477010915e-7
1.95	3.6307805477010915e-7
1.96	3.6307805477010915e-7
1.97	3.467368504525366e-7
1.98	3.467368504525366e-7
1.99	3.388441561392007e-7
2.	3.388441561392007e-7
2.	3.388441561392007e-7
2.05	3.3113112148258804e-7
2.1	3.1622776601683405e-7
2.15	3.1622776601683405e-7
2.2	3.1260793671240195e-7
2.2	3.1260793671240195e-7
2.21	3.1260793671240195e-7
2.22	3.1260793671240195e-7
2.23	3.0549211132154593e-7
2.24	3.0549211132154593e-7
2.25	3.0549211132154593e-7
2.2600000000000002	3.0549211132154593e-7
2.27	3.0549211132154593e-7
2.2800000000000002	3.0549211132154593e-7
2.29	3.1260793671240195e-7
2.3000000000000003	3.1260793671240195e-7
2.31	3.1622776601683405e-7
2.3200000000000003	3.1622776601683405e-7
2.33	3.1622776601683405e-7
2.3400000000000003	3.1622776601683405e-7
2.35	3.1622776601683405e-7
2.3600000000000003	3.1622776601683405e-7
2.37	3.1622776601683405e-7
2.3800000000000003	3.1622776601683405e-7
2.39	3.1622776601683405e-7
2.4000000000000004	3.1260793671240195e-7
2.41	3.0549211132154593e-7
2.4200000000000004	2.9512092266664264e-7
2.43	2.9512092266664264e-7
2.4400000000000004	2.9512092266664264e-7
2.45	2.8183829312644205e-7
2.46	2.786121168629766e-7
2.47	2.754228703338152e-7
2.4800000000000004	2.754228703338152e-7
2.49	2.754228703338152e-7
2.5	2.6607250597987866e-7
2.5	2.6607250597987866e-7
2.55	2.6607250597987866e-7
2.6	2.6607250597987866e-7
2.65	2.511886431509551e-7
2.7	2.511886431509551e-7
2.7	2.511886431509551e-7
2.71	2.511886431509551e-7
2.72	2.570395782768933e-7
2.73	2.570395782768933e-7
2.74	2.6607250597987866e-7
2.75	2.6607250597987866e-7
2.7600000000000002	2.6607250597987866e-7
2.77	2.6607250597987866e-7
2.7800000000000002	2.754228703338152e-7
2.79	2.754228703338152e-7
2.8000000000000003	2.754228703338152e-7
2.81	2.754228703338152e-7
2.8200000000000003	2.754228703338152e-7
2.83	2.754228703338152e-7
2.8400000000000003	2.754228703338152e-7
2.85	2.754228703338152e-7
2.8600000000000003	2.754228703338152e-7
2.87	2.754228703338152e-7
2.8800000000000003	2.754228703338152e-7
2.89	2.6607250597987866e-7
2.9000000000000004	2.6607250597987866e-7
2.91	2.6607250597987866e-7
2.9200000000000004	2.6607250597987866e-7
2.93	2.6607250597987866e-7
2.9400000000000004	2.6607250597987866e-7
2.95	2.6607250597987866e-7
2.96	2.6607250597987866e-7
2.97	2.6607250597987866e-7
2.9800000000000004	2.754228703338152e-7
2.99	2.754228703338152e-7
3.	2.786121168629766e-7
3.0100000000000002	2.8183829312644205e-7
3.02	2.8183829312644205e-7
3.0300000000000002	2.884031503126399e-7
3.04	2.884031503126399e-7
3.0500000000000003	2.884031503126399e-7
3.06	2.884031503126399e-7
3.0700000000000003	2.884031503126399e-7
3.08	2.8183829312644205e-7
3.0900000000000003	2.786121168629766e-7
3.1	2.754228703338152e-7
3.1100000000000003	2.691534803926969e-7
3.12	2.6607250597987866e-7
3.1300000000000003	2.570395782768933e-7
3.14	2.511886431509551e-7
3.1500000000000004	2.4831331052955576e-7
3.16	2.398832919019441e-7
3.1700000000000004	2.3173946499685224e-7
3.18	2.29086765276777e-7
3.1900000000000004	2.2387211385683285e-7
3.2	2.2387211385683285e-7
3.2	2.2387211385683285e-7
3.3000000000000003	1.9952623149688583e-7
3.4000000000000004	1.9952623149688583e-7
3.5	1.883649089489798e-7
3.6	1.883649089489798e-7
3.7	1.883649089489798e-7
3.8000000000000003	1.819700858609975e-7
3.9000000000000004	1.819700858609975e-7
4.	1.819700858609975e-7
4.1000000000000005	1.7179083871575753e-7
4.2	1.7179083871575753e-7
4.300000000000001	1.7179083871575753e-7
4.4	1.6218100973589065e-7
4.5	1.584893192461098e-7
4.6000000000000005	1.584893192461098e-7
4.7	1.5488166189124795e-7
4.800000000000001	1.4791083881682013e-7
4.9	1.4791083881682013e-7
5.	1.4791083881682013e-7
5.1000000000000005	1.3803842646028754e-7
5.2	1.3803842646028754e-7
5.300000000000001	1.31825673855641e-7
5.4	1.31825673855641e-7
5.5	1.2589254117941558e-7
5.6000000000000005	1.2589254117941558e-7
5.7	1.2022644346174082e-7
5.800000000000001	1.2022644346174082e-7
5.9	1.1885022274370603e-7
6.	1.1091748152623941e-7
6.1000000000000005	1.1091748152623941e-7
6.2	1.1091748152623941e-7
6.300000000000001	1.0471285480508985e-7
6.4	1.0471285480508985e-7
6.5	9.999999999999917e-8
6.6000000000000005	9.999999999999917e-8
6.7	9.999999999999917e-8
6.800000000000001	9.772372209558071e-8
6.9	9.440608762859284e-8
7.	9.120108393559115e-8
7.1000000000000005	8.912509381337405e-8
7.2	8.912509381337405e-8
7.300000000000001	8.912509381337405e-8
7.4	8.609937521846e-8
7.5	8.609937521846e-8
7.6000000000000005	8.128305161641061e-8
7.7	8.128305161641061e-8
7.800000000000001	7.943282347242757e-8
7.9	7.943282347242757e-8
8.	7.943282347242757e-8
8.100000000000001	7.585775750291852e-8
8.2	7.585775750291852e-8
8.3	7.585775750291852e-8
8.4	7.161434102128983e-8
8.5	7.161434102128983e-8